tutorials/corners.txt
NCOLS 620
NROWS 620
XLLCENTER -3100000
YLLCENTER 5000.0
CELLSIZE 5000.0
NODATA_VALUE 10000
[rows 342 to 379 of 620, columns 420 to 503 of 620]
0.94 0.95 0.96 0.96 0.96 0.96 0.96 0.96 0.97 0.96 0.96 0.96 0.95 0.96 0.96 0.96 0.93 0.93 0.95 0.93 0.93 0.93 0.93 0.92 0.93 0.93 0.91 0.91 0.93 0.93 0.91 0.90 0.92 0.93 0.92 0.89 0.89 0.90 0.90 0.91 0.90 0.90 0.91 0.90 0.91 0.90 0.91 0.91 0.90 0.92 0.91 0.91 0.92 0.90 0.91 0.91 0.91 0.91 0.91 0.92 0.91 0.91 0.91 0.90 0.90 0.91 0.90 0.92 0.92 0.92 0.92 0.91 0.89 0.92 0.90 0.92 0.92 0.92 0.90 0.91 0.88 0.88 0.89 0.90
0.94 0.97 0.96 0.96 0.97 0.96 0.96 0.97 0.97 0.97 0.96 0.96 0.96 0.96 0.92 0.95 0.92 0.93 0.94 0.93 0.91 0.94 0.94 0.91 0.93 0.93 0.91 0.93 0.90 0.93 0.90 0.91 0.91 0.88 0.88 0.89 0.90 0.90 0.89 0.91 0.90 0.90 0.90 0.91 0.91 0.90 0.92 0.90 0.92 0.90 0.91 0.91 0.91 0.91 0.93 0.92 0.92 0.92 0.93 0.92 0.92 0.91 0.91 0.91 0.90 0.92 0.92 0.91 0.91 0.91 0.92 0.91 0.91 0.91 0.91 0.91 0.91 0.90 0.90 0.91 0.88 0.90 0.91 0.90
0.96 0.95 0.96 0.96 0.96 0.96 0.97 0.97 0.97 0.94 0.94 0.96 0.95 0.96 0.92 0.95 0.93 0.94 0.91 0.91 0.94 0.93 0.93 0.91 0.92 0.90 0.93 0.93 0.92 0.93 0.89 0.91 0.90 0.89 0.91 0.91 0.88 0.91 0.92 0.89 0.92 0.89 0.90 0.90 0.91 0.93 0.90 0.92 0.92 0.91 0.89 0.91 0.92 0.92 0.93 0.90 0.91 0.90 0.91 0.90 0.90 0.89 0.91 0.89 0.90 0.91 0.92 0.90 0.91 0.91 0.91 0.91 0.91 0.92 0.91 0.92 0.91 0.91 0.90 0.90 0.90 0.89 0.90 0.90
0.95 0.95 0.96 0.97 0.95 0.96 0.97 0.97 0.96 0.96 0.96 0.96 0.96 0.95 0.95 0.94 0.94 0.95 0.91 0.92 0.94 0.92 0.92 0.91 0.91 0.93 0.93 0.92 0.89 0.89 0.89 0.91 0.91 0.92 0.90 0.91 0.92 0.92 0.89 0.89 0.89 0.89 0.90 0.89 0.90 0.90 0.90 0.91 0.89 0.89 0.92 0.92 0.91 0.90 0.91 0.91 0.91 0.91 0.90 0.90 0.90 0.89 0.90 0.90 0.90 0.90 0.89 0.89 0.91 0.92 0.91 0.90 0.90 0.91 0.91 0.89 0.88 0.90 0.90 0.88 0.88 0.91 0.90 0.90
0.96 0.96 0.96 0.96 0.96 0.96 0.97 0.97 0.96 0.96 0.96 0.96 0.96 0.95 0.95 0.95 0.92 0.94 0.94 0.92 0.94 0.93 0.93 0.93 0.93 0.93 0.92 0.92 0.89 0.90 0.92 0.91 0.92 0.91 0.91 0.91 0.89 0.89 0.92 0.92 0.88 0.91 0.91 0.89 0.89 0.90 0.92 0.90 0.92 0.89 0.90 0.89 0.92 0.92 0.89 0.89 0.89 0.91 0.90 0.90 0.89 0.91 0.89 0.90 0.89 0.90 0.90 0.92 0.93 0.91 0.88 0.90 0.89 0.89 0.89 0.89 0.89 0.89 0.91 0.91 0.91 0.91 0.91 0.89
0.97 0.97 0.95 0.95 0.96 0.97 0.97 0.96 0.95 0.95 0.96 0.96 0.96 0.95 0.94 0.94 0.93 0.94 0.94 0.93 0.91 0.94 0.93 0.90 0.90 0.93 0.92 0.90 0.91 0.92 0.91 0.93 0.91 0.92 0.87 0.88 0.91 0.90 0.89 0.88 0.88 0.88 0.90 0.89 0.91 0.91 0.91 0.90 0.91 0.91 0.89 0.91 0.92 0.90 0.89 0.90 0.90 0.91 0.89 0.90 0.90 0.92 0.88 0.90 0.91 0.90 0.90 0.91 0.90 0.89 0.89 0.90 0.91 0.91 0.91 0.91 0.89 0.91 0.91 0.91 0.91 0.91 0.88 0.90
0.96 0.95 0.95 0.95 0.97 0.94 0.97 0.97 0.96 0.96 0.95 0.95 0.96 0.91 0.95 0.93 0.94 0.92 0.93 0.91 0.93 0.93 0.91 0.93 0.93 0.91 0.90 0.92 0.92 0.91 0.92 0.91 0.87 0.91 0.90 0.89 0.90 0.90 0.91 0.88 0.91 0.90 0.91 0.91 0.91 0.87 0.90 0.90 0.90 0.89 0.88 0.88 0.89 0.91 0.90 0.89 0.89 0.91 0.89 0.89 0.90 0.90 0.88 0.90 0.89 0.90 0.90 0.87 0.88 0.90 0.90 0.91 0.90 0.91 0.91 0.91 0.91 0.91 0.91 0.91 0.90 0.90 0.89 0.91
0.95 0.96 0.96 0.96 0.96 0.97 0.97 0.96 0.94 0.96 0.94 0.96 0.95 0.93 0.95 0.92 0.94 0.92 0.94 0.93 0.92 0.91 0.93 0.93 0.93 0.93 0.92 0.91 0.91 0.92 0.89 0.88 0.90 0.90 0.90 0.88 0.88 0.90 0.90 0.89 0.90 0.90 0.91 0.87 0.92 0.92 0.89 0.91 0.90 0.91 0.90 0.91 0.91 0.91 0.91 0.91 0.91 0.88 0.90 0.88 0.90 0.90 0.88 0.90 0.90 0.91 0.91 0.90 0.89 0.89 0.87 0.90 0.91 0.90 0.90 0.91 0.91 0.90 0.90 0.91 0.89 0.90 0.90 0.90
0.96 0.96 0.97 0.96 0.96 0.97 0.96 0.95 0.94 0.96 0.95 0.96 0.93 0.95 0.94 0.92 0.94 0.94 0.94 0.92 0.93 0.93 0.92 0.92 0.93 0.92 0.90 0.92 0.91 0.88 0.87 0.88 0.90 0.89 0.90 0.91 0.89 0.88 0.88 0.91 0.91 0.91 0.90 0.90 0.91 0.89 0.90 0.90 0.91 0.90 0.91 0.91 0.92 0.90 0.90 0.91 0.91 0.89 0.90 0.91 0.88 0.89 0.91 0.91 0.91 0.91 0.91 0.88 0.88 0.91 0.91 0.91 0.91 0.91 0.91 0.90 0.91 0.91 0.90 0.91 0.90 0.90 0.89 0.89
0.97 0.96 0.97 0.97 0.97 0.97 0.96 0.95 0.95 0.96 0.96 0.96 0.92 0.96 0.95 0.95 0.94 0.93 0.91 0.93 0.94 0.93 0.93 0.92 0.92 0.92 0.91 0.92 0.91 0.90 0.91 0.90 0.90 0.90 0.90 0.91 0.90 0.91 0.91 0.92 0.92 0.88 0.89 0.91 0.90 0.89 0.90 0.89 0.89 0.89 0.88 0.90 0.90 0.88 0.90 0.89 0.89 0.89 0.90 0.90 0.89 0.91 0.91 0.91 0.91 0.90 0.89 0.89 0.88 0.91 0.91 0.91 0.90 0.90 0.90 0.91 0.91 0.90 0.89 0.89 0.89 0.89 0.87 0.90
0.96 0.96 0.96 0.96 0.97 0.97 0.95 0.96 0.95 0.94 0.95 0.95 0.94 0.96 0.95 0.91 0.95 0.93 0.94 0.94 0.93 0.93 0.93 0.92 0.92 0.90 0.88 0.88 0.89 0.91 0.91 0.90 0.91 0.91 0.91 0.91 0.91 0.90 0.91 0.87 0.87 0.91 0.90 0.91 0.90 0.90 0.90 0.88 0.88 0.90 0.87 0.91 0.90 0.90 0.91 0.90 0.90 0.90 0.90 0.90 0.91 0.87 0.87 0.89 0.90 0.90 0.91 0.90 0.89 0.88 0.90 0.90 0.90 0.91 0.91 0.90 0.90 0.89 0.90 0.90 0.89 0.90 0.89 0.89
0.95 0.96 0.96 0.96 0.97 0.95 0.95 0.95 0.96 0.95 0.94 0.96 0.95 0.91 0.93 0.92 0.95 0.94 0.94 0.93 0.91 0.90 0.93 0.92 0.91 0.89 0.89 0.91 0.91 0.91 0.90 0.91 0.91 0.88 0.91 0.91 0.91 0.89 0.90 0.88 0.91 0.87 0.87 0.91 0.90 0.89 0.89 0.89 0.89 0.88 0.89 0.88 0.87 0.89 0.89 0.88 0.89 0.89 0.88 0.89 0.87 0.89 0.90 0.91 0.89 0.89 0.90 0.87 0.87 0.88 0.91 0.90 0.90 0.89 0.90 0.90 0.90 0.91 0.90 0.89 0.90 0.89 0.88 0.88
0.96 0.96 0.97 0.97 0.97 0.96 0.95 0.96 0.94 0.94 0.96 0.96 0.94 0.94 0.91 0.94 0.94 0.94 0.94 0.93 0.91 0.93 0.91 0.90 0.92 0.92 0.91 0.90 0.90 0.91 0.90 0.90 0.91 0.88 0.91 0.91 0.90 0.90 0.90 0.89 0.90 0.87 0.91 0.89 0.89 0.89 0.89 0.88 0.88 0.90 0.90 0.89 0.88 0.88 0.89 0.89 0.89 0.91 0.89 0.89 0.89 0.87 0.89 0.89 0.89 0.87 0.90 0.90 0.86 0.87 0.87 0.89 0.90 0.90 0.91 0.90 0.89 0.89 0.89 0.88 0.89 0.85 0.88 0.88
0.95 0.96 0.97 0.96 0.96 0.96 0.96 0.96 0.93 0.95 0.93 0.95 0.94 0.93 0.92 0.95 0.93 0.93 0.93 0.94 0.93 0.93 0.92 0.91 0.92 0.91 0.91 0.90 0.91 0.91 0.89 0.87 0.91 0.89 0.91 0.90 0.90 0.90 0.89 0.89 0.89 0.89 0.89 0.90 0.89 0.89 0.87 0.89 0.89 0.88 0.88 0.89 0.87 0.88 0.89 0.89 0.90 0.85 0.88 0.87 0.84 0.85 0.86 0.88 0.86 0.89 0.88 0.89 0.87 0.90 0.89 0.90 0.90 0.89 0.87 0.89 0.89 0.88 0.88 0.88 0.88 0.88 0.88 0.87
0.96 0.96 0.98 0.96 0.96 0.96 0.96 0.96 0.94 0.95 0.94 0.95 0.95 0.94 0.92 0.95 0.95 0.91 0.94 0.93 0.93 0.93 0.91 0.91 0.92 0.90 0.90 0.89 0.90 0.91 0.87 0.89 0.90 0.89 0.91 0.91 0.90 0.90 0.90 0.90 0.87 0.89 0.89 0.90 0.89 0.90 0.87 0.89 0.88 0.87 0.88 0.87 0.86 0.89 0.87 0.87 0.86 0.86 0.85 0.87 0.88 0.89 0.85 0.89 0.89 0.89 0.88 0.89 0.86 0.90 0.89 0.91 0.90 0.90 0.91 0.90 0.89 0.89 0.88 0.88 0.89 0.88 0.88 0.88
0.96 0.97 0.96 0.96 0.95 0.95 0.96 0.96 0.95 0.96 0.96 0.96 0.92 0.95 0.93 0.93 0.94 0.93 0.94 0.93 0.92 0.90 0.92 0.92 0.92 0.90 0.91 0.91 0.90 0.91 0.91 0.89 0.91 0.87 0.90 0.90 0.87 0.88 0.90 0.90 0.89 0.91 0.88 0.89 0.88 0.89 0.89 0.88 0.88 0.88 0.89 0.89 0.89 0.85 0.88 0.87 0.87 0.88 0.87 0.88 0.87 0.88 0.84 0.89 0.88 0.88 0.87 0.88 0.88 0.89 0.89 0.90 0.91 0.87 0.89 0.88 0.88 0.87 0.88 0.88 0.89 0.87 0.88 0.87
0.96 0.95 0.96 0.95 0.96 0.96 0.96 0.96 0.94 0.95 0.93 0.93 0.95 0.95 0.94 0.93 0.94 0.94 0.94 0.92 0.92 0.93 0.93 0.92 0.90 0.91 0.90 0.91 0.91 0.91 0.90 0.91 0.91 0.89 0.90 0.89 0.89 0.89 0.85 0.89 0.89 0.89 0.88 0.89 0.88 0.85 0.87 0.89 0.85 0.86 0.87 0.87 0.86 0.86 0.87 0.84 0.86 0.87 0.85 0.87 0.87 0.87 0.87 0.84 0.87 0.88 0.88 0.88 0.88 0.88 0.87 0.89 0.87 0.88 0.88 0.88 0.87 0.87 0.88 0.87 0.88 0.88 0.85 0.85
0.96 0.96 0.94 0.96 0.97 0.97 0.95 0.94 0.95 0.94 0.93 0.96 0.93 0.91 0.93 0.92 0.94 0.93 0.93 0.93 0.93 0.93 0.92 0.89 0.90 0.92 0.91 0.91 0.91 0.90 0.88 0.90 0.90 0.89 0.88 0.89 0.88 0.90 0.90 0.87 0.89 0.89 0.89 0.89 0.88 0.87 0.86 0.87 0.86 0.87 0.87 0.86 0.87 0.86 0.84 0.85 0.86 0.87 0.87 0.87 0.86 0.87 0.87 0.87 0.88 0.87 0.86 0.88 0.89 0.88 0.87 0.88 0.88 0.87 0.87 0.89 0.87 0.87 0.87 0.86 0.87 0.86 0.87 0.86
0.96 0.95 0.96 0.96 0.96 0.96 0.95 0.95 0.95 0.95 0.93 0.95 0.94 0.92 0.95 0.94 0.94 0.93 0.94 0.92 0.93 0.92 0.93 0.91 0.91 0.91 0.91 0.91 0.87 0.89 0.88 0.91 0.89 0.89 0.89 0.89 0.89 0.90 0.88 0.88 0.90 0.90 0.88 0.89 0.88 0.87 0.87 0.87 0.89 0.86 0.87 0.87 0.85 0.85 0.85 0.86 0.87 0.86 0.86 0.86 0.87 0.87 0.87 0.87 0.88 0.87 0.88 0.88 0.87 0.88 0.88 0.85 0.87 0.87 0.86 0.87 0.86 0.87 0.84 0.85 0.86 0.85 0.85 0.85
0.97 0.96 0.97 0.95 0.96 0.96 0.95 0.94 0.96 0.93 0.94 0.93 0.92 0.94 0.94 0.94 0.94 0.92 0.92 0.92 0.92 0.92 0.93 0.91 0.89 0.90 0.91 0.91 0.90 0.91 0.88 0.88 0.91 0.89 0.90 0.89 0.87 0.89 0.88 0.89 0.89 0.87 0.88 0.87 0.87 0.87 0.87 0.88 0.88 0.87 0.88 0.85 0.86 0.85 0.86 0.85 0.85 0.87 0.87 0.85 0.87 0.88 0.88 0.87 0.89 0.87 0.87 0.88 0.88 0.88 0.86 0.85 0.85 0.87 0.87 0.87 0.85 0.85 0.85 0.84 0.85 0.84 0.82 0.86
0.96 0.96 0.96 0.94 0.94 0.95 0.96 0.95 0.96 0.95 0.95 0.92 0.94 0.94 0.93 0.93 0.93 0.94 0.93 0.93 0.93 0.93 0.90 0.89 0.90 0.91 0.92 0.91 0.90 0.90 0.89 0.89 0.87 0.87 0.90 0.88 0.88 0.90 0.87 0.89 0.89 0.87 0.88 0.89 0.88 0.88 0.87 0.88 0.88 0.86 0.87 0.87 0.87 0.86 0.85 0.85 0.86 0.86 0.87 0.88 0.87 0.89 0.87 0.86 0.88 0.85 0.86 0.84 0.85 0.85 0.85 0.86 0.83 0.85 0.85 0.85 0.85 0.86 0.82 0.84 0.85 0.85 0.84 0.84
0.96 0.95 0.96 0.96 0.96 0.96 0.96 0.95 0.96 0.94 0.94 0.93 0.95 0.93 0.94 0.94 0.94 0.93 0.93 0.93 0.92 0.92 0.91 0.90 0.90 0.91 0.90 0.90 0.90 0.90 0.89 0.89 0.89 0.89 0.86 0.87 0.89 0.89 0.89 0.88 0.87 0.89 0.89 0.88 0.88 0.88 0.88 0.87 0.87 0.86 0.85 0.85 0.85 0.86 0.86 0.85 0.87 0.86 0.85 0.87 0.85 0.87 0.88 0.88 0.86 0.85 0.85 0.85 0.86 0.86 0.85 0.85 0.83 0.82 0.85 0.85 0.85 0.85 0.84 0.85 0.85 0.85 0.85 0.84
0.96 0.96 0.96 0.94 0.94 0.96 0.93 0.93 0.96 0.94 0.95 0.95 0.95 0.93 0.94 0.94 0.92 0.93 0.93 0.90 0.92 0.92 0.89 0.90 0.91 0.91 0.91 0.90 0.90 0.90 0.88 0.90 0.90 0.88 0.88 0.89 0.87 0.88 0.88 0.88 0.88 0.89 0.88 0.88 0.88 0.87 0.86 0.87 0.87 0.86 0.85 0.86 0.86 0.87 0.85 0.84 0.86 0.86 0.86 0.87 0.88 0.87 0.85 0.86 0.85 0.85 0.85 0.85 0.85 0.85 0.83 0.83 0.85 0.85 0.85 0.85 0.85 0.82 0.84 0.84 0.84 0.84 0.83 0.82
0.95 0.94 0.96 0.96 0.95 0.96 0.96 0.96 0.94 0.94 0.91 0.95 0.93 0.94 0.94 0.93 0.93 0.93 0.93 0.92 0.92 0.91 0.91 0.88 0.91 0.91 0.90 0.91 0.90 0.89 0.87 0.90 0.86 0.86 0.88 0.89 0.89 0.88 0.88 0.87 0.87 0.88 0.86 0.87 0.88 0.87 0.88 0.87 0.87 0.87 0.85 0.85 0.84 0.84 0.84 0.87 0.85 0.86 0.87 0.86 0.85 0.86 0.85 0.86 0.85 0.85 0.85 0.85 0.85 0.84 0.82 0.84 0.84 0.84 0.84 0.84 0.84 0.84 0.84 0.84 0.83 0.83 0.82 0.83
0.94 0.93 0.95 0.95 0.95 0.94 0.94 0.95 0.93 0.95 0.93 0.94 0.94 0.92 0.94 0.92 0.93 0.93 0.92 0.91 0.92 0.90 0.91 0.90 0.91 0.91 0.89 0.91 0.88 0.89 0.90 0.89 0.86 0.88 0.89 0.88 0.89 0.87 0.88 0.87 0.87 0.88 0.89 0.88 0.87 0.85 0.87 0.86 0.85 0.86 0.85 0.84 0.84 0.85 0.85 0.83 0.83 0.85 0.86 0.85 0.86 0.85 0.84 0.85 0.85 0.84 0.84 0.85 0.82 0.83 0.84 0.84 0.84 0.82 0.81 0.82 0.83 0.84 0.83 0.84 0.82 0.83 0.82 0.83
0.95 0.96 0.96 0.96 0.95 0.96 0.96 0.93 0.95 0.95 0.92 0.94 0.94 0.94 0.92 0.93 0.93 0.93 0.92 0.92 0.92 0.91 0.90 0.91 0.91 0.91 0.90 0.90 0.90 0.88 0.89 0.89 0.89 0.88 0.88 0.86 0.87 0.87 0.89 0.87 0.87 0.87 0.88 0.88 0.87 0.87 0.87 0.87 0.85 0.84 0.83 0.84 0.85 0.85 0.85 0.85 0.85 0.85 0.87 0.85 0.85 0.86 0.84 0.84 0.84 0.84 0.84 0.83 0.83 0.82 0.83 0.83 0.83 0.84 0.82 0.82 0.83 0.84 0.84 0.81 0.81 0.81 0.81 0.81
0.94 0.96 0.95 0.95 0.95 0.95 0.96 0.95 0.94 0.95 0.95 0.95 0.93 0.92 0.93 0.92 0.93 0.93 0.92 0.91 0.91 0.91 0.90 0.91 0.91 0.90 0.90 0.90 0.89 0.87 0.89 0.88 0.89 0.89 0.86 0.87 0.87 0.88 0.87 0.85 0.87 0.87 0.88 0.86 0.86 0.85 0.85 0.87 0.85 0.85 0.85 0.85 0.85 0.84 0.84 0.84 0.84 0.85 0.83 0.83 0.85 0.84 0.84 0.84 0.84 0.84 0.83 0.83 0.81 0.82 0.81 0.82 0.80 0.82 0.81 0.81 0.81 0.81 0.82 0.81 0.81 0.81 0.80 0.80
0.96 0.96 0.94 0.95 0.94 0.95 0.95 0.95 0.92 0.93 0.94 0.93 0.93 0.93 0.93 0.93 0.90 0.90 0.91 0.92 0.90 0.91 0.91 0.91 0.92 0.89 0.90 0.88 0.88 0.87 0.89 0.89 0.86 0.89 0.85 0.85 0.85 0.88 0.88 0.86 0.87 0.87 0.87 0.87 0.86 0.85 0.85 0.84 0.84 0.84 0.83 0.80 0.83 0.84 0.84 0.83 0.82 0.83 0.82 0.85 0.84 0.84 0.83 0.84 0.83 0.81 0.81 0.82 0.81 0.81 0.80 0.80 0.80 0.81 0.80 0.81 0.82 0.81 0.82 0.81 0.78 0.80 0.80 0.78
0.96 0.95 0.95 0.95 0.95 0.95 0.95 0.95 0.92 0.92 0.94 0.93 0.94 0.93 0.93 0.93 0.93 0.92 0.92 0.90 0.90 0.90 0.90 0.90 0.91 0.89 0.90 0.88 0.89 0.88 0.90 0.89 0.87 0.89 0.85 0.85 0.88 0.87 0.86 0.86 0.87 0.86 0.87 0.87 0.86 0.85 0.84 0.84 0.84 0.83 0.80 0.83 0.84 0.83 0.82 0.83 0.83 0.83 0.84 0.84 0.83 0.82 0.82 0.82 0.81 0.82 0.81 0.80 0.81 0.80 0.82 0.80 0.80 0.80 0.80 0.80 0.81 0.81 0.82 0.80 0.80 0.78 0.78 0.81
0.96 0.96 0.94 0.95 0.94 0.95 0.95 0.92 0.92 0.93 0.93 0.93 0.94 0.93 0.93 0.92 0.92 0.92 0.92 0.89 0.88 0.90 0.91 0.89 0.91 0.90 0.90 0.87 0.91 0.89 0.89 0.88 0.89 0.89 0.87 0.85 0.89 0.86 0.87 0.88 0.85 0.85 0.87 0.86 0.85 0.85 0.85 0.84 0.84 0.83 0.83 0.83 0.84 0.82 0.82 0.82 0.81 0.82 0.82 0.82 0.83 0.82 0.81 0.80 0.81 0.81 0.80 0.81 0.80 0.80 0.80 0.80 0.80 0.79 0.80 0.80 0.81 0.81 0.82 0.81 0.80 0.78 0.80 0.79
0.96 0.93 0.95 0.95 0.93 0.95 0.93 0.93 0.92 0.93 0.93 0.94 0.93 0.93 0.93 0.92 0.92 0.92 0.92 0.90 0.90 0.90 0.91 0.91 0.91 0.89 0.91 0.86 0.88 0.89 0.89 0.89 0.89 0.84 0.85 0.84 0.87 0.85 0.86 0.86 0.86 0.86 0.87 0.86 0.85 0.84 0.84 0.84 0.84 0.84 0.82 0.82 0.81 0.81 0.82 0.81 0.79 0.82 0.82 0.80 0.81 0.81 0.80 0.81 0.80 0.79 0.80 0.80 0.80 0.81 0.80 0.79 0.80 0.80 0.80 0.81 0.80 0.81 0.78 0.78 0.79 0.78 0.80 0.78
0.96 0.94 0.96 0.95 0.95 0.95 0.92 0.94 0.94 0.93 0.93 0.94 0.93 0.93 0.92 0.92 0.92 0.92 0.90 0.90 0.91 0.90 0.91 0.91 0.90 0.88 0.90 0.87 0.90 0.89 0.87 0.89 0.89 0.85 0.87 0.87 0.86 0.87 0.87 0.86 0.85 0.87 0.86 0.84 0.84 0.85 0.84 0.83 0.83 0.83 0.82 0.82 0.81 0.80 0.80 0.76 0.79 0.80 0.81 0.80 0.80 0.80 0.79 0.79 0.78 0.78 0.78 0.79 0.79 0.80 0.78 0.80 0.80 0.79 0.81 0.80 0.81 0.78 0.77 0.79 0.78 0.76 0.76 0.78
0.93 0.95 0.95 0.94 0.95 0.93 0.93 0.93 0.94 0.94 0.93 0.93 0.93 0.93 0.93 0.90 0.90 0.91 0.88 0.89 0.89 0.90 0.90 0.90 0.90 0.90 0.91 0.88 0.89 0.89 0.88 0.89 0.86 0.87 0.86 0.87 0.87 0.86 0.87 0.86 0.86 0.87 0.84 0.84 0.84 0.84 0.84 0.84 0.83 0.83 0.82 0.78 0.79 0.78 0.80 0.79 0.70 0.76 0.79 0.80 0.78 0.75 0.75 0.76 0.78 0.79 0.79 0.79 0.78 0.78 0.78 0.78 0.78 0.78 0.80 0.78 0.76 0.76 0.77 0.76 0.77 0.73 0.73 0.73
0.93 0.95 0.94 0.94 0.93 0.93 0.94 0.94 0.93 0.92 0.92 0.93 0.93 0.93 0.93 0.90 0.89 0.91 0.88 0.89 0.90 0.90 0.90 0.91 0.90 0.90 0.90 0.89 0.89 0.89 0.89 0.87 0.87 0.87 0.86 0.86 0.87 0.86 0.86 0.86 0.85 0.85 0.85 0.84 0.84 0.84 0.82 0.84 0.83 0.85 0.82 0.78 0.78 0.80 0.81 0.80 0.61 0.79 0.82 0.78 0.75 0.73 0.75 0.72 0.75 0.78 0.80 0.79 0.78 0.80 0.80 0.77 0.76 0.76 0.77 0.76 0.67 0.71 0.90 0.89 0.89 0.89 0.90 0.90
0.93 0.96 0.96 0.96 0.94 0.95 0.94 0.92 0.93 0.93 0.91 0.93 0.93 0.90 0.93 0.90 0.90 0.90 0.91 0.90 0.87 0.91 0.90 0.90 0.91 0.88 0.90 0.90 0.89 0.87 0.89 0.88 0.89 0.87 0.87 0.87 0.86 0.86 0.87 0.86 0.85 0.85 0.84 0.84 0.83 0.83 0.82 0.82 0.80 0.80 0.81 0.80 0.80 0.81 0.81 0.78 0.79 0.82 0.80 0.87 0.85 0.83 0.78 0.75 0.82 0.77 0.81 0.79 0.80 0.80 0.80 0.78 0.77 0.75 0.91 0.89 0.90 0.87 0.91 0.90 0.90 0.90 0.91 0.91
0.93 0.95 0.95 0.92 0.93 0.94 0.94 0.92 0.94 0.94 0.91 0.94 0.93 0.90 0.92 0.91 0.91 0.91 0.89 0.87 0.88 0.91 0.88 0.91 0.91 0.88 0.89 0.89 0.88 0.89 0.89 0.86 0.88 0.87 0.85 0.87 0.85 0.87 0.85 0.86 0.85 0.85 0.84 0.84 0.81 0.83 0.84 0.83 0.78 0.80 0.82 0.78 0.78 0.79 0.79 0.76 0.79 0.79 0.80 0.82 0.82 0.71 0.82 0.84 0.85 0.80 0.83 0.79 0.79 0.78 0.91 0.89 0.90 0.90 0.90 0.91 0.91 0.91 0.91 0.91 0.91 0.91 0.90 0.90
0.95 0.95 0.95 0.92 0.93 0.93 0.91 0.92 0.93 0.91 0.93 0.94 0.93 0.91 0.92 0.90 0.90 0.90 0.92 0.89 0.90 0.90 0.88 0.91 0.88 0.89 0.88 0.89 0.89 0.89 0.87 0.87 0.89 0.87 0.85 0.87 0.86 0.85 0.87 0.87 0.84 0.84 0.84 0.82 0.84 0.83 0.82 0.81 0.78 0.83 0.81 0.78 0.78 0.79 0.78 0.78 0.80 0.79 0.79 0.79 0.79 0.58 0.85 0.84 0.67 0.72 0.72 0.81 0.79 0.76 0.91 0.91 0.91 0.89 0.91 0.74 0.91 0.89 0.91 0.91 0.91 0.90 0.89 0.91
0.94 0.93 0.94 0.91 0.92 0.93 0.92 0.93 0.91 0.92 0.91 0.93 0.91 0.91 0.92 0.90 0.90 0.91 0.91 0.90 0.90 0.88 0.91 0.91 0.89 0.89 0.88 0.90 0.90 0.87 0.86 0.89 0.88 0.88 0.85 0.87 0.86 0.86 0.86 0.85 0.85 0.84 0.84 0.84 0.83 0.82 0.81 0.83 0.82 0.78 0.79 0.79 0.78 0.78 0.79 0.80 0.78 0.78 0.78 0.80 0.71 0.90 0.79 0.78 0.66 0.80 0.86 0.81 0.80 0.91 0.91 0.91 0.90 0.90 0.91 0.91 0.90 0.91 0.91 0.91 0.91 0.91 0.91 0.91
