tutorials/corners.txt
NCOLS 620
NROWS 620
XLLCENTER -3100000
YLLCENTER 5000.0
CELLSIZE 5000.0
NODATA_VALUE 10000
[rows 152 to 189 of 620, columns 168 to 251 of 620]
0.66 0.67 0.67 0.67 0.66 0.67 0.68 0.67 0.67 0.66 0.66 0.67 0.66 0.67 0.68 0.67 0.68 0.68 0.68 0.66 0.69 0.67 0.67 0.68 0.67 0.68 0.67 0.67 0.67 0.68 0.67 0.68 0.67 0.69 0.68 0.68 0.69 0.69 0.67 0.67 0.68 0.68 0.68 0.67 0.67 0.68 0.68 0.69 0.69 0.67 0.69 0.68 0.69 0.67 0.67 0.68 0.67 0.67 0.68 0.68 0.69 0.67 0.69 0.68 0.68 0.67 0.67 0.69 0.69 0.69 0.69 0.70 0.69 0.69 0.69 0.68 0.69 0.69 0.69 0.68 0.68 0.69 0.68 0.69
0.67 0.67 0.66 0.66 0.66 0.67 0.67 0.67 0.67 0.66 0.67 0.68 0.67 0.68 0.69 0.67 0.67 0.68 0.67 0.67 0.67 0.68 0.67 0.67 0.67 0.68 0.69 0.68 0.69 0.67 0.68 0.69 0.67 0.67 0.68 0.68 0.68 0.68 0.68 0.69 0.70 0.68 0.69 0.68 0.70 0.69 0.69 0.69 0.69 0.67 0.69 0.67 0.69 0.69 0.68 0.68 0.68 0.69 0.68 0.69 0.69 0.68 0.68 0.69 0.69 0.69 0.69 0.69 0.69 0.68 0.69 0.69 0.68 0.67 0.69 0.68 0.69 0.68 0.69 0.69 0.69 0.70 0.67 0.69
0.67 0.66 0.66 0.67 0.66 0.66 0.67 0.67 0.68 0.67 0.67 0.67 0.67 0.67 0.67 0.67 0.66 0.67 0.67 0.69 0.67 0.68 0.69 0.67 0.67 0.67 0.68 0.67 0.68 0.69 0.69 0.68 0.68 0.69 0.69 0.68 0.69 0.68 0.69 0.68 0.68 0.69 0.68 0.70 0.68 0.69 0.68 0.70 0.69 0.69 0.68 0.70 0.69 0.69 0.69 0.69 0.69 0.68 0.68 0.68 0.67 0.68 0.68 0.68 0.68 0.69 0.70 0.68 0.69 0.68 0.68 0.69 0.69 0.69 0.68 0.69 0.68 0.69 0.69 0.69 0.68 0.69 0.70 0.69
0.66 0.65 0.67 0.67 0.66 0.67 0.67 0.68 0.66 0.68 0.67 0.67 0.67 0.67 0.66 0.68 0.67 0.68 0.68 0.68 0.67 0.68 0.69 0.67 0.68 0.69 0.68 0.69 0.68 0.69 0.68 0.67 0.68 0.69 0.69 0.69 0.68 0.69 0.69 0.69 0.68 0.69 0.69 0.69 0.69 0.67 0.69 0.68 0.68 0.68 0.69 0.69 0.69 0.69 0.68 0.68 0.68 0.68 0.68 0.70 0.69 0.69 0.69 0.69 0.69 0.69 0.68 0.69 0.68 0.69 0.70 0.69 0.69 0.69 0.69 0.69 0.69 0.69 0.70 0.70 0.69 0.68 0.70 0.70
0.66 0.66 0.67 0.66 0.66 0.67 0.68 0.67 0.68 0.67 0.67 0.67 0.67 0.69 0.66 0.68 0.68 0.69 0.68 0.68 0.69 0.67 0.68 0.67 0.69 0.68 0.67 0.67 0.69 0.70 0.68 0.68 0.69 0.69 0.69 0.68 0.69 0.70 0.69 0.69 0.69 0.68 0.69 0.70 0.70 0.68 0.69 0.69 0.69 0.70 0.69 0.70 0.69 0.69 0.70 0.70 0.70 0.69 0.70 0.70 0.69 0.70 0.69 0.69 0.69 0.69 0.69 0.70 0.69 0.70 0.69 0.69 0.70 0.69 0.69 0.68 0.71 0.69 0.70 0.69 0.69 0.69 0.70 0.70
0.67 0.66 0.67 0.67 0.67 0.67 0.67 0.68 0.66 0.68 0.69 0.66 0.68 0.68 0.69 0.68 0.68 0.67 0.67 0.68 0.69 0.68 0.69 0.69 0.68 0.68 0.70 0.69 0.69 0.69 0.69 0.69 0.69 0.69 0.69 0.70 0.69 0.69 0.70 0.69 0.69 0.69 0.70 0.69 0.70 0.71 0.70 0.69 0.70 0.71 0.69 0.69 0.70 0.69 0.71 0.70 0.70 0.70 0.69 0.70 0.69 0.70 0.70 0.71 0.70 0.69 0.69 0.69 0.70 0.69 0.69 0.70 0.70 0.70 0.69 0.69 0.69 0.71 0.70 0.69 0.71 0.69 0.69 0.70
0.67 0.68 0.67 0.66 0.67 0.67 0.68 0.67 0.69 0.68 0.67 0.69 0.67 0.68 0.69 0.69 0.69 0.69 0.69 0.69 0.68 0.69 0.69 0.68 0.68 0.69 0.69 0.69 0.69 0.70 0.70 0.70 0.69 0.70 0.69 0.70 0.69 0.70 0.71 0.70 0.71 0.69 0.69 0.71 0.70 0.69 0.70 0.70 0.71 0.71 0.70 0.71 0.71 0.71 0.69 0.69 0.69 0.69 0.69 0.71 0.69 0.70 0.69 0.69 0.69 0.69 0.71 0.71 0.69 0.71 0.70 0.70 0.70 0.70 0.70 0.69 0.70 0.70 0.71 0.71 0.69 0.69 0.71 0.71
0.67 0.67 0.67 0.67 0.67 0.67 0.67 0.69 0.68 0.67 0.67 0.67 0.69 0.68 0.69 0.67 0.68 0.68 0.69 0.70 0.69 0.69 0.69 0.69 0.69 0.69 0.70 0.69 0.69 0.70 0.69 0.71 0.71 0.71 0.71 0.69 0.70 0.71 0.71 0.71 0.70 0.69 0.71 0.71 0.71 0.70 0.70 0.70 0.71 0.71 0.69 0.69 0.72 0.71 0.70 0.71 0.70 0.71 0.71 0.71 0.69 0.70 0.71 0.70 0.70 0.71 0.71 0.69 0.70 0.70 0.70 0.71 0.70 0.72 0.69 0.71 0.70 0.71 0.70 0.71 0.72 0.71 0.71 0.70
0.66 0.67 0.68 0.67 0.69 0.67 0.68 0.68 0.68 0.68 0.69 0.68 0.68 0.69 0.68 0.68 0.69 0.69 0.69 0.70 0.69 0.69 0.71 0.69 0.70 0.70 0.70 0.70 0.69 0.71 0.69 0.68 0.70 0.71 0.70 0.71 0.70 0.71 0.71 0.70 0.70 0.71 0.70 0.70 0.71 0.71 0.71 0.70 0.71 0.71 0.71 0.71 0.71 0.71 0.71 0.70 0.71 0.71 0.70 0.71 0.70 0.71 0.71 0.71 0.71 0.71 0.71 0.71 0.70 0.71 0.71 0.70 0.70 0.71 0.70 0.71 0.71 0.71 0.71 0.71 0.72 0.71 0.70 0.71
0.67 0.67 0.69 0.68 0.67 0.67 0.68 0.68 0.68 0.67 0.67 0.68 0.69 0.69 0.69 0.68 0.69 0.70 0.69 0.69 0.69 0.70 0.69 0.69 0.69 0.69 0.69 0.71 0.70 0.70 0.71 0.70 0.72 0.70 0.71 0.71 0.72 0.71 0.72 0.71 0.71 0.71 0.70 0.73 0.72 0.71 0.70 0.72 0.70 0.72 0.71 0.71 0.70 0.71 0.73 0.72 0.72 0.71 0.70 0.71 0.70 0.71 0.69 0.72 0.71 0.71 0.71 0.70 0.70 0.70 0.71 0.71 0.71 0.70 0.71 0.71 0.70 0.70 0.72 0.71 0.71 0.71 0.72 0.72
0.67 0.68 0.68 0.69 0.66 0.68 0.67 0.69 0.69 0.69 0.69 0.68 0.70 0.69 0.68 0.69 0.69 0.69 0.70 0.70 0.69 0.70 0.70 0.69 0.71 0.71 0.70 0.71 0.70 0.70 0.71 0.70 0.73 0.72 0.72 0.71 0.71 0.71 0.71 0.72 0.71 0.72 0.73 0.71 0.72 0.72 0.71 0.72 0.71 0.72 0.73 0.72 0.72 0.72 0.71 0.73 0.72 0.72 0.71 0.71 0.73 0.71 0.72 0.71 0.71 0.71 0.71 0.70 0.71 0.71 0.71 0.72 0.72 0.73 0.71 0.70 0.71 0.72 0.72 0.72 0.71 0.72 0.71 0.73
0.67 0.69 0.68 0.69 0.69 0.69 0.67 0.69 0.69 0.69 0.69 0.68 0.69 0.70 0.69 0.69 0.69 0.70 0.71 0.70 0.71 0.71 0.71 0.69 0.70 0.71 0.70 0.72 0.71 0.71 0.71 0.71 0.71 0.71 0.71 0.72 0.71 0.72 0.71 0.72 0.73 0.71 0.72 0.73 0.72 0.72 0.72 0.73 0.73 0.73 0.73 0.72 0.72 0.72 0.73 0.72 0.71 0.72 0.71 0.73 0.71 0.72 0.72 0.71 0.72 0.71 0.71 0.73 0.73 0.71 0.73 0.71 0.73 0.72 0.71 0.73 0.73 0.71 0.73 0.73 0.72 0.72 0.73 0.73
0.67 0.67 0.69 0.69 0.68 0.68 0.69 0.68 0.69 0.68 0.70 0.70 0.70 0.69 0.70 0.69 0.70 0.71 0.71 0.71 0.71 0.71 0.70 0.71 0.73 0.72 0.71 0.71 0.71 0.71 0.72 0.71 0.71 0.72 0.72 0.72 0.73 0.72 0.72 0.72 0.73 0.73 0.72 0.73 0.73 0.73 0.73 0.73 0.73 0.72 0.73 0.73 0.71 0.73 0.72 0.73 0.73 0.73 0.72 0.73 0.72 0.71 0.71 0.72 0.70 0.71 0.73 0.72 0.72 0.71 0.72 0.71 0.72 0.71 0.73 0.73 0.72 0.73 0.72 0.71 0.73 0.73 0.74 0.72
0.69 0.68 0.69 0.69 0.69 0.69 0.70 0.68 0.69 0.68 0.69 0.70 0.69 0.71 0.70 0.70 0.70 0.70 0.71 0.70 0.71 0.70 0.70 0.70 0.71 0.72 0.71 0.71 0.71 0.72 0.71 0.73 0.72 0.72 0.72 0.73 0.71 0.72 0.73 0.73 0.71 0.73 0.73 0.74 0.73 0.73 0.73 0.74 0.73 0.73 0.73 0.73 0.74 0.72 0.73 0.73 0.73 0.74 0.74 0.73 0.73 0.72 0.73 0.74 0.72 0.72 0.72 0.72 0.73 0.73 0.72 0.73 0.72 0.71 0.73 0.73 0.73 0.72 0.72 0.73 0.73 0.73 0.73 0.73
0.69 0.69 0.69 0.69 0.69 0.68 0.69 0.69 0.69 0.70 0.69 0.70 0.71 0.71 0.70 0.70 0.71 0.71 0.71 0.71 0.71 0.71 0.72 0.73 0.72 0.71 0.72 0.71 0.71 0.73 0.72 0.72 0.71 0.72 0.73 0.73 0.73 0.73 0.73 0.74 0.73 0.74 0.74 0.73 0.74 0.72 0.73 0.73 0.73 0.74 0.74 0.73 0.73 0.73 0.74 0.74 0.73 0.74 0.75 0.74 0.73 0.74 0.73 0.73 0.73 0.75 0.72 0.72 0.73 0.72 0.72 0.73 0.73 0.73 0.73 0.73 0.72 0.73 0.72 0.73 0.74 0.73 0.74 0.75
0.69 0.68 0.69 0.68 0.69 0.69 0.71 0.70 0.71 0.70 0.70 0.71 0.71 0.70 0.71 0.70 0.70 0.71 0.71 0.71 0.71 0.70 0.71 0.73 0.72 0.71 0.73 0.71 0.72 0.73 0.73 0.73 0.72 0.73 0.72 0.74 0.73 0.73 0.74 0.73 0.74 0.74 0.74 0.75 0.73 0.74 0.75 0.75 0.75 0.73 0.75 0.75 0.74 0.74 0.75 0.74 0.74 0.74 0.74 0.74 0.74 0.75 0.74 0.74 0.74 0.74 0.74 0.73 0.74 0.73 0.75 0.73 0.73 0.73 0.73 0.74 0.73 0.73 0.75 0.74 0.74 0.73 0.74 0.73
0.69 0.69 0.69 0.70 0.70 0.69 0.71 0.69 0.71 0.70 0.69 0.72 0.72 0.71 0.71 0.71 0.73 0.71 0.71 0.72 0.72 0.71 0.73 0.72 0.73 0.72 0.73 0.71 0.73 0.72 0.73 0.72 0.74 0.74 0.73 0.74 0.74 0.75 0.74 0.75 0.75 0.75 0.74 0.75 0.75 0.74 0.74 0.75 0.74 0.76 0.75 0.75 0.75 0.75 0.73 0.77 0.75 0.76 0.75 0.75 0.75 0.75 0.75 0.77 0.75 0.75 0.75 0.74 0.75 0.73 0.74 0.75 0.75 0.75 0.74 0.73 0.76 0.74 0.75 0.75 0.75 0.75 0.75 0.75
0.69 0.71 0.70 0.69 0.70 0.70 0.70 0.71 0.71 0.71 0.71 0.71 0.73 0.71 0.71 0.71 0.71 0.71 0.73 0.72 0.71 0.73 0.72 0.72 0.72 0.73 0.73 0.73 0.75 0.73 0.73 0.73 0.73 0.74 0.75 0.74 0.75 0.75 0.75 0.75 0.76 0.75 0.76 0.78 0.76 0.76 0.75 0.77 0.75 0.76 0.76 0.76 0.76 0.77 0.76 0.76 0.76 0.77 0.76 0.75 0.77 0.76 0.76 0.74 0.75 0.75 0.75 0.75 0.74 0.76 0.75 0.75 0.74 0.76 0.75 0.75 0.75 0.75 0.75 0.76 0.75 0.74 0.76 0.76
0.69 0.69 0.70 0.69 0.71 0.71 0.71 0.72 0.71 0.72 0.69 0.72 0.71 0.72 0.71 0.72 0.71 0.73 0.72 0.72 0.72 0.73 0.73 0.73 0.73 0.73 0.74 0.73 0.73 0.73 0.74 0.74 0.73 0.74 0.74 0.76 0.76 0.76 0.78 0.77 0.76 0.76 0.76 0.76 0.76 0.77 0.76 0.76 0.77 0.76 0.76 0.76 0.76 0.77 0.78 0.77 0.76 0.76 0.77 0.76 0.78 0.76 0.77 0.77 0.76 0.76 0.76 0.76 0.76 0.76 0.75 0.75 0.76 0.76 0.76 0.76 0.76 0.75 0.77 0.76 0.76 0.76 0.76 0.76
0.69 0.70 0.71 0.70 0.69 0.70 0.71 0.70 0.71 0.71 0.72 0.72 0.71 0.71 0.72 0.71 0.72 0.72 0.73 0.73 0.73 0.73 0.73 0.73 0.73 0.74 0.73 0.74 0.75 0.74 0.75 0.75 0.75 0.76 0.76 0.75 0.76 0.77 0.76 0.78 0.76 0.76 0.76 0.77 0.77 0.77 0.78 0.79 0.78 0.76 0.78 0.78 0.78 0.78 0.78 0.77 0.78 0.78 0.78 0.78 0.76 0.78 0.77 0.78 0.78 0.78 0.77 0.77 0.77 0.76 0.77 0.77 0.76 0.76 0.76 0.76 0.77 0.77 0.78 0.77 0.78 0.76 0.76 0.78
0.71 0.71 0.71 0.70 0.71 0.72 0.71 0.71 0.71 0.72 0.71 0.72 0.72 0.73 0.73 0.73 0.73 0.74 0.73 0.73 0.73 0.73 0.74 0.75 0.74 0.75 0.74 0.75 0.75 0.76 0.76 0.75 0.75 0.76 0.76 0.76 0.75 0.78 0.77 0.78 0.77 0.78 0.79 0.79 0.77 0.79 0.78 0.79 0.79 0.79 0.79 0.79 0.78 0.79 0.78 0.79 0.78 0.79 0.79 0.80 0.80 0.81 0.79 0.80 0.80 0.78 0.78 0.77 0.78 0.78 0.76 0.77 0.77 0.78 0.75 0.78 0.77 0.76 0.78 0.78 0.79 0.78 0.79 0.79
0.71 0.71 0.71 0.71 0.71 0.71 0.71 0.71 0.72 0.71 0.73 0.73 0.72 0.73 0.72 0.73 0.72 0.74 0.74 0.73 0.74 0.74 0.75 0.75 0.74 0.74 0.76 0.76 0.75 0.76 0.76 0.76 0.76 0.76 0.77 0.77 0.78 0.78 0.79 0.77 0.78 0.80 0.79 0.78 0.80 0.80 0.79 0.80 0.80 0.81 0.80 0.79 0.81 0.80 0.80 0.80 0.80 0.80 0.81 0.80 0.80 0.79 0.80 0.78 0.79 0.78 0.80 0.79 0.80 0.78 0.78 0.78 0.77 0.78 0.78 0.77 0.78 0.78 0.78 0.80 0.78 0.79 0.79 0.78
0.72 0.71 0.70 0.72 0.70 0.71 0.72 0.72 0.72 0.72 0.71 0.73 0.72 0.73 0.72 0.72 0.74 0.73 0.74 0.75 0.74 0.75 0.74 0.76 0.77 0.76 0.76 0.76 0.77 0.76 0.77 0.78 0.76 0.77 0.77 0.78 0.78 0.78 0.78 0.78 0.81 0.80 0.81 0.81 0.80 0.79 0.80 0.80 0.82 0.80 0.81 0.80 0.80 0.81 0.81 0.80 0.83 0.80 0.80 0.80 0.81 0.80 0.81 0.79 0.80 0.80 0.81 0.80 0.79 0.79 0.79 0.79 0.78 0.76 0.78 0.79 0.80 0.78 0.80 0.80 0.78 0.80 0.81 0.80
0.71 0.71 0.71 0.72 0.71 0.72 0.72 0.73 0.73 0.72 0.73 0.73 0.73 0.74 0.74 0.73 0.73 0.75 0.75 0.74 0.76 0.75 0.76 0.76 0.76 0.77 0.77 0.77 0.78 0.77 0.78 0.77 0.78 0.78 0.78 0.78 0.80 0.78 0.79 0.81 0.80 0.79 0.81 0.82 0.81 0.82 0.82 0.82 0.83 0.83 0.83 0.82 0.81 0.83 0.82 0.82 0.82 0.82 0.83 0.82 0.82 0.83 0.81 0.82 0.80 0.83 0.81 0.81 0.81 0.81 0.80 0.80 0.80 0.79 0.80 0.80 0.80 0.80 0.80 0.82 0.80 0.80 0.80 0.81
0.71 0.71 0.72 0.72 0.72 0.73 0.72 0.72 0.73 0.73 0.73 0.73 0.74 0.75 0.75 0.73 0.74 0.75 0.75 0.75 0.76 0.77 0.76 0.76 0.76 0.77 0.77 0.78 0.77 0.79 0.78 0.80 0.80 0.79 0.81 0.80 0.80 0.80 0.81 0.80 0.81 0.82 0.82 0.84 0.82 0.83 0.82 0.82 0.83 0.84 0.83 0.85 0.83 0.84 0.84 0.83 0.84 0.83 0.82 0.84 0.83 0.83 0.83 0.83 0.83 0.82 0.82 0.82 0.82 0.82 0.81 0.82 0.80 0.82 0.80 0.82 0.79 0.82 0.82 0.81 0.82 0.82 0.82 0.83
0.72 0.71 0.73 0.72 0.72 0.73 0.72 0.73 0.73 0.74 0.75 0.75 0.74 0.76 0.75 0.74 0.76 0.75 0.76 0.76 0.76 0.78 0.76 0.77 0.78 0.79 0.78 0.79 0.79 0.81 0.79 0.81 0.81 0.80 0.79 0.80 0.81 0.82 0.80 0.82 0.82 0.82 0.83 0.82 0.83 0.83 0.82 0.84 0.84 0.85 0.84 0.84 0.85 0.84 0.85 0.85 0.84 0.84 0.83 0.84 0.84 0.84 0.84 0.83 0.84 0.83 0.83 0.83 0.84 0.80 0.82 0.82 0.81 0.82 0.82 0.82 0.82 0.82 0.83 0.82 0.82 0.83 0.82 0.85
0.72 0.72 0.73 0.73 0.73 0.73 0.73 0.73 0.73 0.75 0.74 0.74 0.75 0.75 0.75 0.75 0.75 0.77 0.77 0.76 0.77 0.76 0.78 0.78 0.78 0.78 0.78 0.80 0.80 0.80 0.82 0.81 0.80 0.82 0.82 0.80 0.82 0.82 0.81 0.82 0.82 0.83 0.84 0.84 0.84 0.85 0.84 0.84 0.85 0.85 0.84 0.85 0.87 0.87 0.86 0.84 0.83 0.84 0.85 0.85 0.87 0.86 0.85 0.84 0.85 0.84 0.82 0.84 0.83 0.84 0.83 0.82 0.82 0.84 0.82 0.82 0.82 0.82 0.84 0.84 0.83 0.83 0.84 0.85
0.73 0.72 0.73 0.72 0.75 0.73 0.74 0.74 0.74 0.75 0.74 0.75 0.75 0.76 0.76 0.76 0.76 0.77 0.77 0.79 0.78 0.78 0.79 0.78 0.81 0.80 0.81 0.80 0.80 0.82 0.81 0.81 0.82 0.82 0.83 0.82 0.82 0.84 0.82 0.83 0.84 0.84 0.84 0.84 0.85 0.84 0.86 0.85 0.85 0.86 0.86 0.85 0.89 0.80 0.87 0.86 0.85 0.85 0.87 0.87 0.88 0.87 0.87 0.87 0.85 0.86 0.85 0.83 0.85 0.84 0.84 0.84 0.84 0.84 0.83 0.84 0.83 0.84 0.84 0.84 0.83 0.86 0.85 0.85
0.73 0.72 0.75 0.73 0.75 0.75 0.75 0.74 0.75 0.75 0.75 0.76 0.76 0.77 0.77 0.78 0.77 0.77 0.78 0.77 0.79 0.79 0.79 0.80 0.80 0.80 0.82 0.81 0.80 0.82 0.82 0.81 0.82 0.83 0.82 0.82 0.82 0.83 0.84 0.82 0.84 0.83 0.84 0.85 0.85 0.87 0.86 0.87 0.85 0.86 0.86 0.87 0.87 0.68 0.88 0.87 0.86 0.86 0.86 0.87 0.87 0.89 0.89 0.88 0.86 0.89 0.85 0.85 0.85 0.86 0.85 0.84 0.84 0.84 0.83 0.82 0.84 0.85 0.85 0.84 0.85 0.85 0.88 0.87
0.72 0.74 0.74 0.74 0.75 0.73 0.75 0.75 0.75 0.76 0.75 0.76 0.77 0.76 0.78 0.78 0.79 0.79 0.80 0.79 0.79 0.79 0.80 0.80 0.81 0.80 0.81 0.82 0.82 0.83 0.83 0.82 0.84 0.85 0.84 0.83 0.84 0.85 0.84 0.83 0.85 0.84 0.86 0.85 0.86 0.85 0.87 0.88 0.87 0.88 0.87 0.87 0.88 0.89 0.89 0.90 0.89 0.88 0.87 0.91 0.89 0.73 0.77 0.77 0.89 0.89 0.85 0.86 0.85 0.86 0.86 0.84 0.85 0.84 0.84 0.83 0.83 0.84 0.85 0.85 0.86 0.86 0.88 0.88
0.73 0.74 0.73 0.74 0.75 0.76 0.75 0.77 0.76 0.76 0.77 0.77 0.78 0.80 0.78 0.79 0.80 0.80 0.79 0.80 0.80 0.80 0.81 0.81 0.82 0.82 0.84 0.83 0.83 0.82 0.85 0.84 0.85 0.84 0.85 0.84 0.86 0.85 0.84 0.86 0.85 0.84 0.85 0.86 0.88 0.86 0.88 0.88 0.89 0.88 0.87 0.88 0.87 0.89 0.89 0.90 0.87 0.88 0.87 0.89 0.90 0.85 0.76 0.75 0.75 0.75 0.89 0.89 0.87 0.86 0.88 0.86 0.85 0.85 0.85 0.84 0.85 0.86 0.86 0.86 0.89 0.87 0.75 0.79
0.75 0.75 0.75 0.75 0.76 0.76 0.77 0.77 0.75 0.77 0.78 0.78 0.78 0.80 0.79 0.81 0.82 0.80 0.80 0.81 0.81 0.82 0.82 0.83 0.82 0.83 0.83 0.83 0.84 0.83 0.85 0.84 0.85 0.85 0.85 0.85 0.87 0.85 0.85 0.86 0.86 0.85 0.87 0.87 0.89 0.89 0.87 0.86 0.89 0.79 0.72 0.89 0.78 0.89 0.78 0.78 0.77 0.75 0.89 0.87 0.78 0.78 0.65 0.62 0.58 0.57 0.89 0.87 0.87 0.89 0.88 0.82 0.87 0.87 0.84 0.87 0.85 0.85 0.87 0.86 0.89 0.90 0.74 0.75
0.76 0.76 0.75 0.76 0.75 0.76 0.78 0.77 0.78 0.78 0.77 0.78 0.80 0.80 0.80 0.81 0.80 0.82 0.81 0.81 0.82 0.83 0.83 0.84 0.83 0.84 0.82 0.84 0.84 0.85 0.85 0.84 0.87 0.86 0.87 0.86 0.86 0.85 0.86 0.87 0.86 0.85 0.86 0.88 0.90 0.77 0.74 0.78 0.77 0.77 0.75 0.79 0.76 0.80 0.80 0.78 0.76 0.68 0.89 0.89 0.90 0.69 0.68 0.67 0.56 0.89 0.89 0.89 0.87 0.88 0.71 0.89 0.87 0.86 0.86 0.87 0.87 0.87 0.88 0.87 0.88 0.78 0.80 0.75
0.75 0.76 0.76 0.78 0.78 0.78 0.78 0.76 0.77 0.78 0.80 0.80 0.80 0.80 0.81 0.80 0.81 0.82 0.82 0.84 0.82 0.84 0.84 0.83 0.84 0.84 0.84 0.85 0.84 0.85 0.85 0.87 0.86 0.87 0.87 0.88 0.87 0.88 0.87 0.88 0.87 0.87 0.87 0.87 0.90 0.84 0.80 0.79 0.82 0.79 0.79 0.79 0.80 0.77 0.82 0.73 0.78 0.55 0.89 0.85 0.73 0.64 0.80 0.90 0.89 0.88 0.89 0.78 0.88 0.88 0.90 0.90 0.87 0.86 0.86 0.88 0.87 0.86 0.86 0.89 0.89 0.62 0.65 0.75
0.75 0.77 0.77 0.78 0.78 0.79 0.79 0.80 0.78 0.80 0.81 0.81 0.81 0.82 0.81 0.82 0.83 0.83 0.82 0.83 0.85 0.85 0.85 0.85 0.84 0.84 0.86 0.85 0.85 0.87 0.86 0.87 0.87 0.88 0.89 0.89 0.90 0.89 0.89 0.89 0.89 0.89 0.89 0.89 0.88 0.58 0.77 0.78 0.78 0.80 0.80 0.79 0.78 0.76 0.78 0.73 0.61 0.53 0.89 0.90 0.74 0.62 0.83 0.89 0.89 0.89 0.75 0.75 0.91 0.90 0.78 0.80 0.89 0.88 0.87 0.87 0.87 0.89 0.87 0.88 0.90 0.63 0.66 0.76
0.76 0.77 0.78 0.79 0.80 0.80 0.79 0.80 0.80 0.81 0.81 0.82 0.80 0.82 0.83 0.83 0.83 0.85 0.84 0.85 0.87 0.86 0.85 0.86 0.87 0.86 0.87 0.87 0.87 0.87 0.89 0.88 0.88 0.89 0.89 0.83 0.77 0.75 0.73 0.69 0.68 0.89 0.75 0.90 0.88 0.76 0.77 0.80 0.75 0.78 0.80 0.80 0.79 0.78 0.79 0.71 0.65 0.67 0.75 0.76 0.64 0.89 0.70 0.90 0.89 0.89 0.89 0.89 0.80 0.89 0.77 0.67 0.68 0.89 0.88 0.89 0.87 0.89 0.88 0.88 0.76 0.74 0.80 0.80
0.77 0.78 0.79 0.80 0.80 0.79 0.82 0.80 0.81 0.81 0.82 0.81 0.82 0.83 0.83 0.84 0.84 0.84 0.84 0.85 0.85 0.85 0.87 0.87 0.86 0.87 0.88 0.89 0.88 0.87 0.88 0.88 0.89 0.89 0.75 0.79 0.78 0.77 0.76 0.80 0.82 0.80 0.71 0.65 0.73 0.75 0.79 0.81 0.81 0.80 0.81 0.80 0.79 0.80 0.80 0.65 0.63 0.80 0.76 0.69 0.65 0.90 0.70 0.89 0.88 0.89 0.89 0.89 0.79 0.89 0.73 0.90 0.89 0.88 0.83 0.89 0.90 0.89 0.76 0.74 0.76 0.82 0.81 0.79
0.80 0.78 0.79 0.80 0.80 0.82 0.80 0.81 0.82 0.83 0.83 0.82 0.83 0.84 0.83 0.84 0.82 0.85 0.87 0.85 0.87 0.88 0.89 0.89 0.87 0.90 0.90 0.90 0.90 0.88 0.88 0.90 0.90 0.80 0.80 0.80 0.79 0.78 0.82 0.81 0.82 0.80 0.78 0.77 0.79 0.80 0.80 0.80 0.82 0.82 0.83 0.81 0.80 0.74 0.71 0.80 0.81 0.64 0.70 0.57 0.65 0.91 0.89 0.84 0.89 0.89 0.89 0.89 0.89 0.91 0.91 0.89 0.89 0.87 0.80 0.89 0.89 0.77 0.74 0.75 0.74 0.72 0.80 0.65
