tutorials/corners.txt
NCOLS 620
NROWS 620
XLLCENTER -3100000
YLLCENTER 5000.0
CELLSIZE 5000.0
NODATA_VALUE 10000
[rows 190 to 227 of 620, columns 336 to 419 of 620]
0.86 0.89 0.90 0.89 0.89 0.90 0.89 0.90 0.51 0.51 0.56 0.61 0.80 0.59 0.64 0.62 0.66 0.73 0.75 0.73 0.71 0.78 0.81 0.81 0.79 0.80 0.82 0.83 0.82 0.83 0.85 0.84 0.85 0.87 0.86 0.85 0.86 0.87 0.86 0.87 0.87 0.87 0.88 0.87 0.88 0.88 0.87 0.87 0.87 0.87 0.88 0.88 0.89 0.89 0.88 0.88 0.89 0.89 0.88 0.88 0.88 0.89 0.88 0.88 0.88 0.88 0.88 0.87 0.88 0.87 0.88 0.88 0.88 0.88 0.88 0.87 0.88 0.89 0.89 0.89 0.89 0.89 0.89 0.89
0.86 0.88 0.88 0.89 0.89 0.89 0.90 0.91 0.51 0.51 0.54 0.62 0.75 0.68 0.77 0.67 0.71 0.72 0.76 0.76 0.70 0.82 0.82 0.83 0.79 0.77 0.80 0.82 0.85 0.83 0.85 0.85 0.85 0.84 0.85 0.85 0.86 0.85 0.87 0.86 0.87 0.88 0.88 0.87 0.88 0.87 0.87 0.88 0.87 0.87 0.87 0.88 0.89 0.88 0.88 0.88 0.89 0.88 0.88 0.88 0.88 0.88 0.88 0.88 0.88 0.88 0.88 0.87 0.87 0.87 0.87 0.88 0.88 0.87 0.88 0.88 0.88 0.89 0.89 0.89 0.89 0.89 0.89 0.89
0.88 0.89 0.89 0.87 0.88 0.89 0.89 0.89 0.84 0.63 0.62 0.56 0.89 0.60 0.81 0.80 0.79 0.76 0.73 0.75 0.70 0.87 0.79 0.80 0.80 0.80 0.82 0.83 0.83 0.83 0.83 0.82 0.86 0.85 0.85 0.86 0.85 0.84 0.85 0.86 0.87 0.87 0.87 0.87 0.88 0.88 0.87 0.87 0.87 0.87 0.87 0.87 0.88 0.88 0.88 0.88 0.88 0.88 0.88 0.88 0.88 0.88 0.88 0.88 0.88 0.87 0.88 0.87 0.87 0.87 0.88 0.88 0.88 0.87 0.87 0.88 0.88 0.90 0.89 0.89 0.89 0.89 0.89 0.89
0.88 0.88 0.88 0.88 0.88 0.89 0.88 0.90 0.89 0.89 0.64 0.79 0.91 0.73 0.84 0.82 0.83 0.79 0.77 0.71 0.62 0.73 0.75 0.81 0.81 0.80 0.80 0.81 0.83 0.84 0.83 0.83 0.85 0.87 0.87 0.87 0.86 0.85 0.87 0.87 0.87 0.88 0.88 0.87 0.87 0.88 0.87 0.87 0.87 0.87 0.87 0.88 0.87 0.88 0.88 0.88 0.88 0.88 0.89 0.88 0.88 0.88 0.88 0.88 0.87 0.87 0.88 0.88 0.87 0.87 0.88 0.87 0.87 0.88 0.87 0.87 0.89 0.89 0.89 0.89 0.89 0.89 0.89 0.89
0.89 0.88 0.88 0.88 0.90 0.89 0.90 0.89 0.90 0.91 0.89 0.91 0.70 0.71 0.73 0.81 0.62 0.66 0.75 0.73 0.73 0.78 0.77 0.79 0.83 0.81 0.82 0.84 0.82 0.81 0.85 0.82 0.85 0.85 0.84 0.87 0.87 0.85 0.87 0.87 0.86 0.87 0.89 0.88 0.87 0.88 0.87 0.87 0.87 0.88 0.88 0.88 0.88 0.88 0.89 0.88 0.87 0.86 0.88 0.88 0.89 0.88 0.88 0.88 0.88 0.87 0.87 0.88 0.87 0.87 0.87 0.88 0.88 0.88 0.90 0.88 0.89 0.89 0.89 0.89 0.89 0.89 0.89 0.89
0.87 0.88 0.88 0.88 0.88 0.88 0.89 0.89 0.89 0.90 0.91 0.64 0.53 0.65 0.55 0.65 0.60 0.64 0.68 0.75 0.75 0.78 0.80 0.80 0.80 0.81 0.82 0.82 0.84 0.82 0.87 0.83 0.85 0.87 0.85 0.85 0.87 0.85 0.84 0.86 0.87 0.87 0.87 0.89 0.88 0.87 0.87 0.87 0.87 0.87 0.88 0.88 0.88 0.88 0.88 0.88 0.88 0.87 0.88 0.88 0.88 0.88 0.89 0.88 0.88 0.88 0.87 0.87 0.88 0.88 0.87 0.87 0.88 0.88 0.88 0.88 0.89 0.89 0.89 0.89 0.89 0.89 0.91 0.89
0.89 0.89 0.89 0.90 0.89 0.88 0.89 0.90 0.90 0.91 0.90 0.73 0.90 0.64 0.76 0.70 0.65 0.67 0.70 0.77 0.76 0.77 0.78 0.81 0.80 0.80 0.83 0.82 0.85 0.82 0.83 0.84 0.85 0.84 0.85 0.84 0.86 0.86 0.85 0.86 0.88 0.87 0.87 0.87 0.87 0.87 0.87 0.88 0.87 0.87 0.87 0.88 0.88 0.88 0.88 0.88 0.88 0.88 0.89 0.88 0.88 0.88 0.88 0.88 0.88 0.88 0.87 0.87 0.87 0.87 0.88 0.88 0.88 0.87 0.88 0.89 0.89 0.89 0.89 0.89 0.89 0.89 0.89 0.89
0.88 0.87 0.88 0.88 0.89 0.89 0.89 0.89 0.90 0.91 0.90 0.89 0.90 0.49 0.56 0.70 0.73 0.74 0.71 0.76 0.78 0.78 0.78 0.85 0.82 0.78 0.82 0.84 0.84 0.83 0.85 0.83 0.85 0.85 0.86 0.84 0.86 0.87 0.87 0.87 0.87 0.86 0.87 0.87 0.88 0.87 0.87 0.87 0.87 0.87 0.87 0.88 0.88 0.88 0.88 0.88 0.88 0.88 0.88 0.88 0.88 0.88 0.88 0.88 0.88 0.87 0.87 0.87 0.87 0.87 0.87 0.87 0.88 0.87 0.89 0.89 0.89 0.89 0.89 0.89 0.89 0.89 0.89 0.89
0.89 0.89 0.88 0.89 0.89 0.89 0.89 0.89 0.91 0.91 0.92 0.90 0.91 0.72 0.80 0.82 0.79 0.83 0.77 0.76 0.77 0.80 0.78 0.83 0.82 0.77 0.82 0.83 0.87 0.84 0.87 0.84 0.85 0.85 0.86 0.86 0.86 0.86 0.86 0.87 0.88 0.87 0.88 0.87 0.87 0.87 0.87 0.87 0.87 0.87 0.87 0.88 0.88 0.88 0.88 0.88 0.88 0.88 0.88 0.88 0.88 0.88 0.88 0.88 0.88 0.87 0.87 0.88 0.87 0.87 0.88 0.88 0.88 0.88 0.88 0.89 0.89 0.89 0.88 0.89 0.89 0.89 0.89 0.89
0.87 0.89 0.88 0.89 0.89 0.89 0.90 0.89 0.91 0.91 0.91 0.90 0.90 0.54 0.80 0.89 0.86 0.86 0.82 0.79 0.78 0.80 0.82 0.84 0.85 0.82 0.83 0.82 0.85 0.82 0.88 0.84 0.85 0.85 0.86 0.85 0.85 0.86 0.87 0.87 0.88 0.87 0.88 0.87 0.87 0.88 0.88 0.88 0.87 0.87 0.87 0.87 0.88 0.88 0.88 0.88 0.88 0.88 0.88 0.88 0.88 0.88 0.88 0.88 0.88 0.88 0.88 0.87 0.87 0.87 0.87 0.88 0.88 0.89 0.89 0.89 0.89 0.89 0.89 0.89 0.89 0.89 0.91 0.90
0.89 0.89 0.89 0.89 0.89 0.89 0.89 0.90 0.91 0.91 0.91 0.90 0.79 0.67 0.75 0.87 0.85 0.85 0.85 0.83 0.83 0.80 0.77 0.85 0.86 0.83 0.87 0.83 0.86 0.83 0.84 0.85 0.83 0.87 0.86 0.86 0.87 0.86 0.86 0.87 0.87 0.87 0.88 0.87 0.88 0.87 0.88 0.88 0.88 0.87 0.87 0.87 0.88 0.88 0.89 0.88 0.88 0.88 0.88 0.88 0.88 0.88 0.88 0.88 0.87 0.87 0.88 0.87 0.88 0.87 0.87 0.88 0.87 0.88 0.88 0.88 0.91 0.89 0.89 0.89 0.89 0.90 0.89 0.90
0.89 0.88 0.87 0.89 0.90 0.90 0.89 0.90 0.89 0.91 0.91 0.89 0.61 0.59 0.53 0.53 0.61 0.87 0.91 0.87 0.87 0.84 0.82 0.85 0.84 0.86 0.85 0.84 0.84 0.85 0.83 0.87 0.84 0.83 0.84 0.85 0.85 0.86 0.86 0.87 0.87 0.87 0.88 0.85 0.88 0.88 0.88 0.88 0.88 0.88 0.88 0.87 0.88 0.87 0.88 0.88 0.88 0.88 0.88 0.88 0.88 0.88 0.88 0.88 0.87 0.87 0.87 0.87 0.87 0.87 0.88 0.88 0.88 0.88 0.89 0.89 0.89 0.89 0.89 0.89 0.89 0.89 0.90 0.90
0.87 0.89 0.89 0.89 0.90 0.90 0.89 0.90 0.91 0.91 0.91 0.89 0.86 0.60 0.57 0.64 0.61 0.80 0.89 0.87 0.87 0.87 0.88 0.87 0.86 0.84 0.85 0.83 0.82 0.84 0.85 0.85 0.85 0.85 0.86 0.85 0.85 0.86 0.86 0.87 0.87 0.87 0.87 0.87 0.87 0.87 0.87 0.88 0.88 0.87 0.87 0.87 0.88 0.88 0.89 0.88 0.88 0.88 0.88 0.88 0.88 0.89 0.88 0.88 0.88 0.88 0.88 0.87 0.87 0.87 0.87 0.87 0.88 0.89 0.89 0.88 0.89 0.89 0.89 0.89 0.89 0.89 0.89 0.90
0.88 0.89 0.88 0.89 0.90 0.90 0.90 0.89 0.91 0.91 0.90 0.90 0.75 0.64 0.78 0.78 0.65 0.58 0.81 0.85 0.91 0.87 0.86 0.86 0.85 0.85 0.85 0.84 0.87 0.85 0.85 0.85 0.85 0.85 0.87 0.85 0.86 0.87 0.86 0.87 0.87 0.87 0.88 0.87 0.87 0.87 0.88 0.88 0.87 0.87 0.87 0.88 0.87 0.88 0.88 0.88 0.88 0.88 0.88 0.88 0.88 0.88 0.89 0.87 0.87 0.87 0.87 0.88 0.87 0.87 0.87 0.87 0.88 0.89 0.88 0.88 0.89 0.89 0.89 0.89 0.89 0.89 0.90 0.90
0.87 0.89 0.89 0.89 0.89 0.90 0.91 0.90 0.90 0.91 0.91 0.90 0.73 0.75 0.77 0.84 0.75 0.60 0.73 0.74 0.69 0.83 0.81 0.83 0.85 0.85 0.86 0.84 0.87 0.85 0.86 0.85 0.85 0.85 0.86 0.85 0.86 0.85 0.87 0.87 0.87 0.88 0.88 0.87 0.87 0.87 0.87 0.88 0.87 0.87 0.87 0.87 0.87 0.88 0.88 0.88 0.88 0.88 0.88 0.88 0.88 0.88 0.88 0.88 0.87 0.87 0.87 0.87 0.87 0.87 0.87 0.87 0.88 0.89 0.89 0.89 0.89 0.89 0.89 0.89 0.89 0.89 0.90 0.90
0.89 0.88 0.90 0.89 0.90 0.90 0.91 0.89 0.91 0.91 0.90 0.90 0.56 0.61 0.61 0.67 0.70 0.72 0.67 0.64 0.72 0.76 0.81 0.83 0.84 0.84 0.85 0.85 0.87 0.87 0.86 0.85 0.86 0.86 0.85 0.85 0.85 0.86 0.86 0.88 0.86 0.88 0.87 0.87 0.87 0.88 0.87 0.88 0.87 0.87 0.87 0.88 0.87 0.88 0.88 0.88 0.88 0.88 0.88 0.88 0.88 0.88 0.88 0.88 0.87 0.87 0.87 0.88 0.88 0.87 0.87 0.87 0.89 0.88 0.89 0.89 0.89 0.89 0.89 0.89 0.89 0.90 0.90 0.90
0.89 0.90 0.89 0.91 0.90 0.91 0.90 0.92 0.90 0.89 0.80 0.90 0.58 0.60 0.53 0.67 0.73 0.72 0.71 0.72 0.72 0.73 0.80 0.84 0.84 0.84 0.83 0.82 0.85 0.84 0.85 0.85 0.87 0.84 0.86 0.87 0.88 0.86 0.86 0.87 0.87 0.87 0.87 0.88 0.88 0.87 0.87 0.87 0.87 0.88 0.87 0.87 0.87 0.87 0.89 0.88 0.88 0.88 0.88 0.88 0.88 0.88 0.88 0.88 0.87 0.88 0.87 0.88 0.87 0.87 0.88 0.87 0.88 0.89 0.89 0.87 0.89 0.89 0.89 0.89 0.90 0.90 0.90 0.90
0.88 0.89 0.90 0.89 0.90 0.91 0.91 0.91 0.91 0.92 0.89 0.82 0.79 0.80 0.66 0.68 0.70 0.67 0.76 0.88 0.78 0.80 0.80 0.80 0.81 0.84 0.84 0.81 0.83 0.84 0.84 0.84 0.85 0.85 0.86 0.85 0.87 0.85 0.86 0.85 0.88 0.87 0.87 0.88 0.87 0.87 0.87 0.87 0.87 0.88 0.87 0.87 0.87 0.87 0.89 0.89 0.89 0.88 0.88 0.88 0.88 0.88 0.88 0.87 0.88 0.88 0.88 0.87 0.87 0.87 0.87 0.87 0.89 0.89 0.89 0.89 0.89 0.88 0.89 0.89 0.90 0.90 0.90 0.90
0.90 0.89 0.89 0.90 0.91 0.91 0.91 0.91 0.90 0.91 0.51 0.70 0.87 0.75 0.82 0.83 0.72 0.74 0.83 0.90 0.85 0.79 0.82 0.83 0.82 0.82 0.81 0.83 0.82 0.83 0.84 0.84 0.83 0.85 0.88 0.85 0.86 0.84 0.88 0.86 0.87 0.87 0.87 0.87 0.88 0.88 0.88 0.88 0.87 0.87 0.87 0.87 0.87 0.87 0.87 0.89 0.88 0.88 0.88 0.88 0.88 0.88 0.88 0.88 0.87 0.87 0.87 0.88 0.87 0.87 0.87 0.88 0.89 0.89 0.89 0.89 0.89 0.89 0.89 0.90 0.90 0.90 0.90 0.90
0.90 0.88 0.90 0.89 0.90 0.92 0.91 0.91 0.91 0.89 0.90 0.51 0.63 0.85 0.90 0.89 0.73 0.65 0.63 0.66 0.83 0.79 0.84 0.81 0.81 0.84 0.81 0.82 0.83 0.85 0.83 0.85 0.83 0.84 0.86 0.84 0.85 0.84 0.85 0.85 0.86 0.87 0.87 0.88 0.88 0.87 0.87 0.88 0.87 0.87 0.87 0.87 0.87 0.87 0.88 0.89 0.88 0.88 0.88 0.88 0.89 0.88 0.88 0.88 0.87 0.87 0.87 0.88 0.88 0.88 0.87 0.89 0.89 0.89 0.89 0.89 0.89 0.89 0.89 0.90 0.90 0.90 0.90 0.90
0.89 0.90 0.90 0.89 0.90 0.91 0.91 0.91 0.91 0.89 0.90 0.90 0.58 0.58 0.92 0.89 0.85 0.81 0.61 0.83 0.78 0.77 0.77 0.80 0.77 0.81 0.84 0.83 0.82 0.80 0.83 0.84 0.83 0.85 0.85 0.87 0.85 0.86 0.86 0.86 0.87 0.87 0.87 0.87 0.87 0.88 0.87 0.87 0.87 0.87 0.88 0.87 0.87 0.87 0.87 0.88 0.88 0.86 0.88 0.87 0.89 0.88 0.88 0.87 0.87 0.87 0.87 0.87 0.87 0.87 0.88 0.88 0.89 0.89 0.89 0.89 0.89 0.89 0.89 0.90 0.90 0.90 0.90 0.90
0.90 0.91 0.90 0.90 0.91 0.91 0.91 0.91 0.90 0.90 0.91 0.91 0.48 0.51 0.54 0.91 0.90 0.89 0.89 0.87 0.79 0.77 0.77 0.80 0.80 0.80 0.82 0.81 0.83 0.82 0.84 0.85 0.85 0.85 0.85 0.85 0.84 0.86 0.84 0.86 0.86 0.87 0.88 0.88 0.87 0.88 0.87 0.87 0.88 0.87 0.87 0.88 0.87 0.87 0.87 0.88 0.87 0.88 0.88 0.88 0.88 0.88 0.88 0.88 0.88 0.87 0.88 0.87 0.87 0.88 0.87 0.88 0.89 0.89 0.89 0.89 0.89 0.89 0.89 0.90 0.90 0.90 0.90 0.91
0.90 0.89 0.89 0.90 0.91 0.92 0.91 0.91 0.72 0.80 0.81 0.79 0.71 0.56 0.51 0.56 0.78 0.88 0.76 0.74 0.77 0.78 0.78 0.79 0.80 0.84 0.81 0.81 0.83 0.84 0.84 0.85 0.85 0.83 0.86 0.86 0.86 0.86 0.86 0.85 0.87 0.86 0.86 0.87 0.87 0.87 0.87 0.87 0.87 0.87 0.88 0.88 0.88 0.87 0.87 0.88 0.87 0.87 0.88 0.88 0.90 0.88 0.88 0.87 0.87 0.87 0.88 0.87 0.87 0.88 0.88 0.89 0.89 0.89 0.89 0.89 0.89 0.89 0.89 0.90 0.90 0.90 0.90 0.91
0.89 0.89 0.91 0.90 0.91 0.90 0.92 0.90 0.51 0.54 0.81 0.75 0.77 0.75 0.53 0.61 0.65 0.62 0.80 0.75 0.78 0.76 0.80 0.82 0.79 0.80 0.83 0.82 0.84 0.82 0.85 0.85 0.85 0.83 0.86 0.87 0.85 0.86 0.87 0.84 0.88 0.87 0.86 0.87 0.87 0.87 0.87 0.87 0.88 0.88 0.87 0.87 0.87 0.87 0.88 0.88 0.88 0.88 0.89 0.88 0.88 0.88 0.87 0.88 0.87 0.87 0.88 0.88 0.87 0.88 0.88 0.87 0.89 0.89 0.89 0.89 0.89 0.89 0.90 0.90 0.90 0.90 0.90 0.90
0.89 0.91 0.90 0.91 0.91 0.91 0.93 0.64 0.71 0.75 0.69 0.83 0.85 0.76 0.61 0.54 0.60 0.66 0.66 0.76 0.77 0.75 0.77 0.78 0.80 0.80 0.82 0.84 0.81 0.84 0.84 0.83 0.86 0.82 0.83 0.87 0.86 0.86 0.86 0.86 0.85 0.86 0.85 0.88 0.87 0.87 0.87 0.88 0.88 0.88 0.87 0.87 0.87 0.87 0.87 0.88 0.88 0.88 0.89 0.88 0.88 0.88 0.88 0.87 0.87 0.87 0.87 0.88 0.87 0.87 0.88 0.89 0.89 0.89 0.89 0.89 0.89 0.90 0.90 0.90 0.90 0.90 0.90 0.90
0.90 0.90 0.91 0.91 0.92 0.91 0.91 0.63 0.58 0.58 0.68 0.81 0.86 0.76 0.75 0.69 0.60 0.69 0.72 0.75 0.76 0.76 0.76 0.81 0.82 0.81 0.80 0.80 0.82 0.79 0.82 0.85 0.85 0.85 0.85 0.86 0.86 0.86 0.84 0.86 0.86 0.86 0.87 0.87 0.87 0.87 0.85 0.87 0.88 0.87 0.88 0.88 0.87 0.88 0.88 0.88 0.88 0.86 0.88 0.88 0.88 0.88 0.88 0.87 0.87 0.87 0.87 0.87 0.88 0.88 0.88 0.89 0.89 0.89 0.89 0.89 0.89 0.90 0.90 0.90 0.90 0.91 0.90 0.90
0.90 0.89 0.91 0.91 0.91 0.91 0.90 0.73 0.82 0.78 0.82 0.75 0.88 0.79 0.77 0.78 0.66 0.67 0.73 0.75 0.76 0.78 0.78 0.77 0.80 0.80 0.82 0.82 0.82 0.81 0.80 0.82 0.86 0.88 0.85 0.85 0.84 0.88 0.87 0.86 0.86 0.87 0.86 0.86 0.88 0.87 0.87 0.87 0.87 0.87 0.87 0.87 0.86 0.87 0.88 0.87 0.88 0.88 0.88 0.88 0.88 0.88 0.88 0.88 0.87 0.88 0.88 0.87 0.87 0.88 0.89 0.89 0.89 0.89 0.89 0.89 0.90 0.90 0.90 0.90 0.90 0.91 0.90 0.90
0.89 0.90 0.91 0.91 0.91 0.90 0.65 0.79 0.76 0.78 0.73 0.85 0.87 0.84 0.78 0.76 0.69 0.65 0.70 0.71 0.76 0.77 0.76 0.78 0.79 0.80 0.80 0.83 0.83 0.80 0.80 0.80 0.85 0.86 0.87 0.87 0.85 0.85 0.86 0.86 0.86 0.87 0.87 0.85 0.87 0.87 0.87 0.87 0.87 0.87 0.85 0.87 0.87 0.87 0.87 0.87 0.88 0.88 0.90 0.88 0.88 0.88 0.87 0.88 0.87 0.87 0.88 0.87 0.88 0.88 0.89 0.89 0.89 0.89 0.89 0.89 0.90 0.90 0.90 0.90 0.91 0.91 0.90 0.91
0.91 0.89 0.91 0.91 0.92 0.90 0.75 0.62 0.63 0.73 0.69 0.90 0.84 0.87 0.82 0.79 0.76 0.69 0.72 0.75 0.75 0.78 0.78 0.79 0.80 0.82 0.82 0.84 0.81 0.81 0.86 0.85 0.86 0.83 0.85 0.85 0.85 0.87 0.87 0.84 0.84 0.86 0.87 0.86 0.87 0.88 0.87 0.87 0.87 0.88 0.87 0.88 0.87 0.88 0.88 0.88 0.88 0.88 0.87 0.88 0.88 0.88 0.88 0.87 0.88 0.87 0.87 0.87 0.88 0.89 0.89 0.89 0.89 0.89 0.89 0.89 0.90 0.90 0.90 0.90 0.90 0.90 0.91 0.89
0.91 0.90 0.91 0.91 0.91 0.89 0.51 0.67 0.78 0.64 0.58 0.78 0.89 0.84 0.82 0.81 0.80 0.75 0.73 0.75 0.79 0.78 0.78 0.80 0.79 0.80 0.80 0.84 0.84 0.77 0.85 0.85 0.86 0.85 0.85 0.87 0.85 0.86 0.86 0.86 0.86 0.85 0.87 0.86 0.86 0.88 0.87 0.87 0.87 0.88 0.87 0.88 0.87 0.87 0.88 0.88 0.88 0.88 0.88 0.88 0.88 0.87 0.88 0.87 0.87 0.88 0.88 0.88 0.88 0.89 0.89 0.89 0.89 0.89 0.89 0.90 0.90 0.90 0.90 0.90 0.91 0.90 0.91 0.91
0.90 0.90 0.91 0.91 0.90 0.91 0.67 0.67 0.78 0.80 0.87 0.76 0.84 0.82 0.82 0.80 0.80 0.76 0.74 0.76 0.80 0.78 0.81 0.80 0.80 0.80 0.81 0.83 0.83 0.82 0.85 0.84 0.85 0.84 0.85 0.85 0.85 0.85 0.87 0.85 0.86 0.85 0.87 0.85 0.86 0.85 0.87 0.88 0.87 0.87 0.87 0.87 0.87 0.88 0.88 0.88 0.88 0.88 0.88 0.88 0.88 0.88 0.87 0.87 0.87 0.87 0.88 0.88 0.89 0.89 0.89 0.89 0.89 0.89 0.89 0.90 0.90 0.90 0.90 0.90 0.90 0.91 0.91 0.91
0.90 0.91 0.91 0.91 0.64 0.69 0.65 0.79 0.76 0.71 0.77 0.89 0.87 0.82 0.82 0.82 0.80 0.82 0.81 0.76 0.76 0.78 0.78 0.82 0.82 0.81 0.82 0.84 0.84 0.85 0.84 0.85 0.83 0.85 0.85 0.86 0.84 0.86 0.86 0.85 0.88 0.86 0.86 0.86 0.87 0.84 0.87 0.87 0.87 0.88 0.87 0.87 0.87 0.88 0.88 0.88 0.88 0.88 0.88 0.88 0.88 0.87 0.87 0.87 0.87 0.87 0.88 0.88 0.89 0.89 0.88 0.89 0.89 0.89 0.90 0.90 0.90 0.90 0.90 0.91 0.91 0.91 0.91 0.91
0.90 0.90 0.91 0.77 0.60 0.74 0.58 0.81 0.80 0.85 0.78 0.74 0.86 0.83 0.83 0.82 0.80 0.82 0.79 0.80 0.79 0.78 0.80 0.82 0.84 0.81 0.83 0.83 0.84 0.83 0.82 0.85 0.87 0.86 0.85 0.87 0.86 0.87 0.88 0.86 0.86 0.85 0.86 0.86 0.88 0.86 0.87 0.87 0.88 0.88 0.87 0.87 0.87 0.87 0.88 0.88 0.88 0.88 0.88 0.88 0.88 0.87 0.88 0.88 0.87 0.87 0.88 0.89 0.89 0.89 0.89 0.89 0.89 0.90 0.90 0.90 0.90 0.90 0.90 0.91 0.91 0.91 0.91 0.91
0.90 0.90 0.79 0.79 0.73 0.75 0.74 0.63 0.83 0.87 0.84 0.83 0.84 0.83 0.83 0.83 0.82 0.81 0.82 0.81 0.83 0.81 0.83 0.82 0.84 0.78 0.84 0.84 0.80 0.85 0.81 0.85 0.86 0.86 0.86 0.85 0.87 0.85 0.87 0.87 0.86 0.85 0.87 0.86 0.86 0.87 0.87 0.88 0.89 0.87 0.87 0.87 0.87 0.87 0.88 0.88 0.88 0.88 0.88 0.88 0.88 0.87 0.87 0.87 0.87 0.88 0.89 0.89 0.89 0.89 0.89 0.89 0.89 0.90 0.90 0.90 0.90 0.90 0.91 0.91 0.91 0.91 0.91 0.91
0.91 0.78 0.83 0.78 0.78 0.79 0.75 0.73 0.72 0.88 0.89 0.87 0.84 0.82 0.82 0.83 0.84 0.82 0.82 0.82 0.79 0.84 0.83 0.81 0.86 0.80 0.82 0.85 0.86 0.85 0.86 0.85 0.85 0.84 0.85 0.86 0.85 0.88 0.86 0.84 0.87 0.86 0.87 0.86 0.87 0.87 0.87 0.87 0.87 0.88 0.87 0.88 0.88 0.88 0.90 0.88 0.88 0.88 0.88 0.88 0.87 0.87 0.87 0.87 0.88 0.88 0.89 0.89 0.89 0.89 0.89 0.89 0.90 0.90 0.90 0.90 0.91 0.91 0.91 0.91 0.91 0.91 0.91 0.91
0.78 0.68 0.71 0.82 0.88 0.83 0.77 0.87 0.87 0.88 0.88 0.78 0.85 0.84 0.83 0.84 0.86 0.82 0.81 0.82 0.81 0.83 0.82 0.84 0.84 0.84 0.83 0.84 0.82 0.84 0.82 0.82 0.85 0.83 0.85 0.86 0.87 0.87 0.86 0.86 0.87 0.86 0.85 0.86 0.87 0.87 0.88 0.87 0.88 0.87 0.87 0.87 0.88 0.88 0.88 0.88 0.88 0.88 0.88 0.87 0.88 0.87 0.88 0.88 0.88 0.89 0.89 0.89 0.89 0.89 0.89 0.89 0.89 0.90 0.90 0.90 0.91 0.91 0.91 0.91 0.91 0.91 0.91 0.91
0.82 0.53 0.64 0.84 0.62 0.80 0.68 0.69 0.89 0.86 0.84 0.81 0.85 0.84 0.84 0.84 0.86 0.85 0.82 0.81 0.86 0.85 0.84 0.83 0.86 0.84 0.83 0.83 0.85 0.85 0.84 0.85 0.88 0.85 0.85 0.87 0.85 0.89 0.86 0.86 0.86 0.87 0.86 0.86 0.87 0.87 0.87 0.87 0.87 0.88 0.87 0.88 0.88 0.88 0.88 0.88 0.88 0.88 0.88 0.87 0.87 0.87 0.88 0.87 0.88 0.89 0.89 0.89 0.89 0.89 0.89 0.90 0.90 0.90 0.90 0.91 0.91 0.91 0.91 0.91 0.91 0.91 0.91 0.91
0.56 0.66 0.64 0.76 0.83 0.69 0.72 0.68 0.74 0.89 0.88 0.86 0.88 0.84 0.83 0.84 0.82 0.86 0.83 0.82 0.86 0.84 0.83 0.80 0.86 0.87 0.85 0.84 0.86 0.88 0.84 0.86 0.86 0.85 0.85 0.85 0.85 0.86 0.87 0.85 0.86 0.86 0.87 0.89 0.89 0.85 0.88 0.87 0.88 0.87 0.87 0.88 0.88 0.88 0.88 0.88 0.88 0.88 0.88 0.87 0.88 0.88 0.88 0.88 0.89 0.89 0.89 0.89 0.89 0.89 0.89 0.90 0.90 0.90 0.90 0.91 0.91 0.91 0.91 0.91 0.91 0.91 0.91 0.91
